batch_size:64
NUM_EPOCHS:30
LEARNING_RATE:3e-05
MAX_LEN:256
DATASET_SPLIT:9.0:1.0
RANDOM_STATE:0

acc:
1.0
1.0
1.0
1.0
1.0
1.0
1.0
1.0
1.0
1.0
1.0
1.0
1.0
1.0
1.0
1.0
1.0
1.0
1.0
1.0
1.0
1.0
1.0
1.0
1.0
1.0
1.0
1.0
1.0
1.0
loss:
0.44375330209732056
0.2519727945327759
0.13225269317626953
0.07257287949323654
0.044151149690151215
0.02894585207104683
0.01927969418466091
0.013251891359686852
0.00965514313429594
0.007488400675356388
0.0060899280942976475
0.005085988901555538
0.004290631972253323
0.003634160850197077
0.0030890759080648422
0.0026553510688245296
0.0023256014101207256
0.002084653126075864
0.0019000336760655046
0.0017511298647150397
0.0016223298152908683
0.0015053574461489916
0.0013986921403557062
0.0013013845309615135
0.0012143062194809318
0.001136686303652823
0.0010690151248127222
0.0010106994304805994
0.0009603715734556317
0.0009159483015537262