batch_size:64
NUM_EPOCHS:30
LEARNING_RATE:3e-05
MAX_LEN:256
DATASET_SPLIT:9.0:1.0
RANDOM_STATE:0

acc:
1.0
1.0
1.0
1.0
1.0
1.0
1.0
1.0
1.0
1.0
1.0
1.0
1.0
1.0
1.0
1.0
1.0
1.0
1.0
1.0
1.0
1.0
1.0
1.0
1.0
1.0
1.0
1.0
1.0
1.0
loss:
0.0008765134843997657
0.000840638589579612
0.0008074423531070352
0.0007748405332677066
0.0007430595578625798
0.0007123378454707563
0.0006833664374426007
0.0006557284505106509
0.00062976946355775
0.000605620676651597
0.0005830201553180814
0.0005621107993647456
0.0005425474955700338
0.0005241275648586452
0.0005066009471192956
0.0004900987260043621
0.0004745136830024421
0.0004599531530402601
0.000446214631665498
0.00043317899690009654
0.00042063166620209813
0.0004088349232915789
0.00039768157876096666
0.00038708816282451153
0.0003770070325117558
0.00036766467383131385
0.0003585366648621857
0.00034971843706443906
0.0003412575460970402
0.0003327490412630141